20 15
2 2 2 2 2 2 2 2 2 2 2 2 2 2 2 2 2 2 2 2 
2 2 2 2 2 2 2 2 2 3 3 3 2 2 2 2 2 2 2 2 
2 2 2 2 3 3 3 2 2 3 3 3 2 2 2 2 2 2 2 2 
2 3 11 11 3 5 3 3 3 3 3 3 3 3 3 2 2 2 2 2 
2 3 11 11 3 3 3 2 2 2 2 2 2 9 3 2 2 2 2 2 
2 3 2 2 2 2 2 2 2 2 2 2 2 3 3 2 2 2 2 2 
2 3 2 2 2 2 2 2 2 2 2 2 2 3 3 2 2 2 2 2 
2 3 2 2 2 2 2 2 2 3 3 3 3 3 3 2 2 2 2 2 
2 3 3 3 3 3 2 2 2 3 3 3 2 2 2 2 2 2 2 2 
2 2 3 3 4 3 2 2 2 3 3 3 2 2 2 2 2 2 2 2 
2 2 2 3 3 3 2 2 2 3 3 3 3 3 9 2 2 2 2 2 
2 2 2 2 2 2 2 2 2 2 2 2 2 2 2 2 2 2 2 2 
2 2 2 2 2 2 2 2 2 2 2 2 2 2 2 2 2 2 2 2 
2 2 2 2 2 2 2 2 2 2 2 2 2 2 2 2 2 2 2 2 
2 2 2 2 2 2 2 2 2 2 2 2 2 2 2 2 2 2 2 2 