20 15
2 2 2 2 2 2 2 2 2 2 2 2 2 2 2 2 2 2 2 2 
2 2 2 2 2 2 2 3 3 3 3 2 2 3 3 3 2 2 2 2 
2 3 3 3 3 2 2 3 3 9 3 2 2 3 4 3 2 2 2 2 
2 3 3 8 3 2 2 3 3 3 3 2 2 3 3 3 2 2 2 2 
2 3 3 3 3 2 2 3 3 3 3 11 11 3 3 3 2 2 2 2 
2 3 5 3 3 10 10 3 3 3 3 2 2 3 3 3 2 2 2 2 
2 3 3 3 3 2 2 3 3 3 3 2 2 2 2 2 2 2 2 2 
2 2 2 2 2 2 2 2 2 2 2 2 2 2 2 2 2 2 2 2 
2 2 2 2 2 2 2 2 2 2 2 2 2 2 2 2 2 2 2 2 
2 2 2 2 2 2 2 2 2 2 2 2 2 2 2 2 2 2 2 2 
2 2 2 2 2 2 2 2 2 2 2 2 2 2 2 2 2 2 2 2 
2 2 2 2 2 2 2 2 2 2 2 2 2 2 2 2 2 2 2 2 
2 2 2 2 2 2 2 2 2 2 2 2 2 2 2 2 2 2 2 2 
2 2 2 2 2 2 2 2 2 2 2 2 2 2 2 2 2 2 2 2 
2 2 2 2 2 2 2 2 2 2 2 2 2 2 2 2 2 2 2 2 