20 15
2 2 2 2 2 2 2 2 2 2 2 2 2 2 2 2 2 2 2 2 
2 2 2 2 6 6 6 6 6 6 6 2 2 2 2 2 2 2 2 2 
2 2 2 2 6 6 6 6 6 6 6 2 2 2 2 2 2 2 2 2 
2 3 3 3 3 2 2 2 2 2 3 3 3 2 2 2 2 2 2 2 
2 3 3 3 2 2 2 2 2 2 2 3 3 2 2 2 2 2 2 2 
2 3 3 3 2 2 2 2 2 2 2 3 3 2 2 2 2 2 2 2 
2 3 5 3 2 2 3 3 3 3 6 6 6 6 6 2 2 2 2 2 
2 3 3 3 2 2 3 3 3 3 6 6 6 6 6 2 2 2 2 2 
2 2 2 2 2 2 3 4 3 2 2 6 6 3 6 2 2 2 2 2 
2 2 2 2 2 2 3 3 3 2 2 6 6 6 6 2 2 2 2 2 
2 2 2 2 2 2 2 2 2 2 2 2 2 2 2 2 2 2 2 2 
2 2 2 2 2 2 2 2 2 2 2 2 2 2 2 2 2 2 2 2 
2 2 2 2 2 2 2 2 2 2 2 2 2 2 2 2 2 2 2 2 
2 2 2 2 2 2 2 2 2 2 2 2 2 2 2 2 2 2 2 2 
2 2 2 2 2 2 2 2 2 2 2 2 2 2 2 2 2 2 2 2 