20 15
2 2 2 2 2 2 2 2 2 2 2 2 2 2 2 2 2 2 2 2 
2 2 3 3 3 10 2 2 2 2 2 2 2 2 2 2 2 2 2 2 
2 2 3 4 3 10 2 2 2 2 2 2 2 2 2 2 2 2 2 2 
2 2 3 3 3 2 2 2 2 2 2 2 2 2 2 2 2 2 2 2 
2 2 3 2 2 2 3 3 3 3 3 3 2 2 2 2 2 2 2 2 
2 2 3 2 2 2 3 3 2 2 3 3 2 2 2 2 2 2 2 2 
2 5 3 3 3 3 3 3 2 2 3 3 3 2 2 2 2 2 2 2 
2 2 2 2 2 2 3 8 2 2 2 2 3 2 2 2 2 2 2 2 
2 2 2 2 2 2 3 3 3 3 2 2 3 2 2 2 2 2 2 2 
2 2 2 2 2 2 3 3 3 3 3 3 3 2 2 2 2 2 2 2 
2 2 2 2 2 2 2 2 2 3 3 3 2 2 2 2 2 2 2 2 
2 2 2 2 2 2 2 2 2 2 2 2 2 2 2 2 2 2 2 2 
2 2 2 2 2 2 2 2 2 2 2 2 2 2 2 2 2 2 2 2 
2 2 2 2 2 2 2 2 2 2 2 2 2 2 2 2 2 2 2 2 
2 2 2 2 2 2 2 2 2 2 2 2 2 2 2 2 2 2 2 2 